-5.698380246758460999e-02
3.320054709911346436e-02
5.516993999481201172e-02
-3.210271149873733521e-02
-5.290644988417625427e-02
-8.723238855600357056e-02
-5.634334869682788849e-03
-1.726424396038055420e-01
1.597003191709518433e-01
-7.626886665821075439e-02
2.468601465225219727e-01
-5.829785391688346863e-02
-1.476789861917495728e-01
-1.475093960762023926e-01
-2.748744748532772064e-02
1.785300076007843018e-01
-1.789194643497467041e-01
-1.317661404609680176e-01
-6.769838184118270874e-02
3.591320291161537170e-02
2.888717316091060638e-02
-9.052802622318267822e-02
6.970644742250442505e-02
5.905069038271903992e-02
-8.638972043991088867e-02
-3.362571001052856445e-01
-8.544404804706573486e-02
-1.192147955298423767e-01
-3.412068262696266174e-02
-4.037254303693771362e-02
-2.515141153708100319e-03
3.088552877306938171e-02
-1.660865545272827148e-01
-4.227541387081146240e-02
-6.988325715065002441e-02
3.148917853832244873e-02
-6.570561975240707397e-02
-8.613904565572738647e-02
2.318333238363265991e-01
1.227244734764099121e-02
-2.468455731868743896e-01
-7.358935195952653885e-03
1.953138969838619232e-02
2.180050015449523926e-01
1.994310468435287476e-01
9.799078106880187988e-03
4.910054430365562439e-02
-7.538131624460220337e-02
1.151565313339233398e-01
-1.623960286378860474e-01
5.546126980334520340e-03
1.375105977058410645e-01
1.239362582564353943e-01
-4.807819146662950516e-03
4.137619957327842712e-02
-3.108441643416881561e-02
1.989815197885036469e-02
9.797108173370361328e-02
-1.778186708688735962e-01
3.635473176836967468e-02
1.073037087917327881e-01
-3.539640456438064575e-02
-4.509036242961883545e-02
-8.404523134231567383e-02
2.227901965379714966e-01
1.329798847436904907e-01
-9.834142029285430908e-02
-9.970693290233612061e-02
1.444790363311767578e-01
-1.277881562709808350e-01
-1.102884039282798767e-01
1.925024786032736301e-03
-1.571605950593948364e-01
-2.286358326673507690e-01
-2.843854129314422607e-01
-2.159522613510489464e-03
3.386106491088867188e-01
1.152855753898620605e-01
-1.893564611673355103e-01
-4.525527358055114746e-03
-6.767705082893371582e-02
-6.177259609103202820e-03
9.803675115108489990e-02
1.360999047756195068e-01
-9.643176570534706116e-03
3.674846142530441284e-02
-1.218513175845146179e-01
-3.588400408625602722e-02
1.480951905250549316e-01
-7.764478027820587158e-02
1.050948165357112885e-03
2.285641580820083618e-01
-2.048962377011775970e-02
-1.084262970834970474e-02
-3.774650022387504578e-02
-2.951215207576751709e-02
-5.909804999828338623e-02
1.330226957798004150e-01
-1.318862289190292358e-01
-1.483312062919139862e-02
9.790594875812530518e-02
1.425016671419143677e-02
7.143913209438323975e-02
5.325262248516082764e-02
-1.056104600429534912e-01
7.574373483657836914e-02
6.487286555056925863e-06
4.795884341001510620e-02
7.396108657121658325e-02
1.789417862892150879e-02
-1.159241721034049988e-01
-1.293375045061111450e-01
1.113917827606201172e-01
-1.408657729625701904e-01
1.515424847602844238e-01
1.378812193870544434e-01
2.651273831725120544e-02
5.231321975588798523e-02
1.034700125455856323e-01
1.294750273227691650e-01
-2.671589888632297516e-02
1.957160606980323792e-02
-1.829245686531066895e-01
1.875273324549198151e-02
6.579713523387908936e-02
2.055112831294536591e-02
8.230913430452346802e-02
3.614502027630805969e-02
