-0.070840
0.044292
0.052908
-0.041112
-0.032849
-0.013325
-0.021458
-0.165214
0.136736
-0.120522
0.336806
-0.053651
-0.264172
-0.124396
-0.058084
0.222268
-0.191712
-0.121311
-0.044673
0.013556
0.073665
-0.027390
0.041929
0.061185
-0.058291
-0.306003
-0.120205
-0.062494
-0.009258
-0.051426
-0.056437
0.055779
-0.147114
-0.009341
0.034439
0.095321
-0.036147
-0.045433
0.202916
-0.025616
-0.221155
0.030467
0.041491
0.248993
0.162453
0.047659
0.041190
-0.192130
0.085959
-0.155479
0.086161
0.146263
0.102056
0.038535
-0.020957
-0.130520
0.022925
0.096851
-0.095036
0.028827
0.124356
-0.147729
-0.039431
-0.051328
0.191057
0.037262
-0.144575
-0.220649
0.091881
-0.145317
-0.116516
0.093032
-0.194401
-0.195334
-0.364430
0.027130
0.435280
0.058820
-0.190395
0.077498
-0.021381
-0.014797
0.152828
0.248858
0.016515
0.021168
-0.161911
0.018793
0.190843
-0.128602
-0.034292
0.226395
-0.012531
0.081517
0.005047
0.059165
-0.013909
0.067706
-0.107525
-0.020824
0.053850
0.031204
-0.008009
0.061779
-0.118118
0.105167
-0.015727
0.045757
0.062848
-0.059690
-0.089149
-0.101441
0.113471
-0.254601
0.141140
0.180802
0.106419
0.078795
0.128280
0.138566
0.011405
-0.019927
-0.239810
0.029512
0.091714
0.012971
0.092195
-0.008614
