-8.517768234014511108e-02
9.315797686576843262e-02
4.794025048613548279e-02
2.085521258413791656e-02
-9.489088505506515503e-02
-1.193761080503463745e-02
-4.018595814704895020e-02
-1.256290674209594727e-01
9.329228103160858154e-02
-1.012412682175636292e-01
2.208688408136367798e-01
-1.042733043432235718e-01
-2.553419172763824463e-01
-7.431606203317642212e-02
-8.991374075412750244e-02
1.682187467813491821e-01
-1.569575369358062744e-01
-6.528750807046890259e-02
-3.417435660958290100e-02
-1.397235505282878876e-02
1.126870959997177124e-01
-5.226919800043106079e-02
6.953112035989761353e-02
9.500279091298580170e-03
-1.170506104826927185e-01
-3.815708160400390625e-01
-5.870509892702102661e-02
-8.347698301076889038e-02
1.085587684065103531e-02
-1.279021333903074265e-02
-3.847442567348480225e-02
5.927355960011482239e-02
-1.521978527307510376e-01
-5.578771606087684631e-02
-1.206796150654554367e-03
8.234554529190063477e-02
-1.172225805930793285e-03
-4.292901977896690369e-02
1.960442662239074707e-01
-3.448025137186050415e-02
-2.041753977537155151e-01
-4.113894421607255936e-03
3.199939057230949402e-02
2.437285631895065308e-01
1.438146084547042847e-01
5.578103661537170410e-02
5.572365596890449524e-02
-1.164770051836967468e-01
9.043351560831069946e-02
-2.057202607393264771e-01
2.783018350601196289e-02
1.139504089951515198e-01
3.410953655838966370e-02
6.902062892913818359e-02
-9.173898957669734955e-03
-1.083961278200149536e-01
6.964498013257980347e-02
1.030575484037399292e-01
-1.267680227756500244e-01
1.114123500883579254e-02
9.682298451662063599e-02
-1.155844256281852722e-01
-2.779054269194602966e-02
-6.167200952768325806e-02
2.532131671905517578e-01
6.446779519319534302e-02
-1.150646731257438660e-01
-1.423314213752746582e-01
6.436703354120254517e-02
-1.478285640478134155e-01
-7.301707565784454346e-02
8.791118860244750977e-03
-1.442800462245941162e-01
-1.399733573198318481e-01
-3.830211758613586426e-01
4.093566536903381348e-02
4.143367707729339600e-01
1.316255778074264526e-01
-1.424577087163925171e-01
3.888787701725959778e-02
-5.112940818071365356e-02
2.367323078215122223e-02
1.596027165651321411e-01
1.817730367183685303e-01
-3.002785518765449524e-02
2.030454576015472412e-02
-7.478196173906326294e-02
1.543361507356166840e-02
1.560142785310745239e-01
-9.416085481643676758e-02
-7.399272918701171875e-02
2.050378471612930298e-01
-1.579571701586246490e-02
9.350667893886566162e-02
3.796380944550037384e-03
3.524924814701080322e-02
-1.004451587796211243e-01
4.908626899123191833e-02
-7.184065133333206177e-02
2.105959691107273102e-02
1.190024986863136292e-01
-4.677594453096389771e-02
5.209681391716003418e-02
1.059013754129409790e-01
-1.939753741025924683e-01
8.728656172752380371e-02
-7.595459371805191040e-02
4.830062389373779297e-02
1.187256425619125366e-01
-2.725089900195598602e-02
-1.048434525728225708e-01
-5.618642270565032959e-02
1.235514283180236816e-01
-2.415686398744583130e-01
1.736597865819931030e-01
2.203688621520996094e-01
6.379869580268859863e-02
1.205361410975456238e-01
1.647658944129943848e-01
6.936272978782653809e-02
1.606481336057186127e-02
5.472830682992935181e-02
-2.047717720270156860e-01
-1.767981611192226410e-02
9.758812189102172852e-02
-2.101957611739635468e-02
5.716522037982940674e-02
-5.844401195645332336e-03
